22 15 701.195
0 24 218.635
18 18 287.586
5 13 5.74
13 17 18.862
18 9 204.038
13 18 11.216
4 22 8.385
19 9 288.971
13 5 32.5
15 12 84.494
6 2 33.072
22 11 686.552
4 18 4.852
21 13 470.855
8 19 7.288
8 22 17.086
2 13 6.359
2 23 73.444
11 19 8.544
21 4 478.265
15 17 31.176
3 5 3.114
3 3 25.681
17 24 232.794
21 16 506.419
22 23 813.656
6 16 15.68
21 9 446.814
9 23 59.283
4 13 3.806
5 6 7.285
16 18 118.816
12 17 57.832
15 23 98.295
8 9 8.031
21 12 595.107
10 13 6.029
20 11 401.059
0 13 1.014
22 13 689.054
16 24 171.187
14 11 4.648
13 11 2.514
15 24 121.974
21 24 564.001
5 1 29.58
12 22 58.962
19 3 238.769
16 21 121.694
7 11 7.091
1 4 5.335
19 23 381.438
4 24 120.912
2 10 3.362
16 9 38.999
15 19 22.377
5 23 26.015
13 23 54.084
0 11 0.731
1 1 44.031
18 11 227.105
18 0 124.372
16 20 237.29
9 0 29.759
17 0 53.614
20 9 369.828
17 3 117.262
4 9 6.548
7 7 20.89
3 6 4.037
1 13 7.728
1 12 4.526
6 5 7.771
3 15 6.644
17 12 250.739
1 20 4.558
19 7 255.558
9 8 19.893
16 1 27.558
22 8 629.283
19 8 273.732
7 22 12.973
19 13 303.191
14 8 28.446
14 21 22.125
0 18 0.986
15 11 4.999
14 5 40.296
20 23 473.01
6 17 12.952
9 9 18.369
3 11 2.601
17 5 71.637
1 22 23.813
2 15 12.503
21 11 486.016
6 18 8.031
18 23 294.352
4 1 32.758
22 18 744.85
22 12 692.624
7 6 13.32
18 15 242.91
3 1 35.051
6 23 25.904
13 9 16.543
10 9 19.582
0 8 1.026
7 10 9.753
8 10 11.547
15 20 153.386
3 12 9.267
11 1 26.872
1 3 8.079
14 20 118.268
6 0 29.664
2 5 6.491
16 4 142.028
12 12 57.571
18 2 145.276
6 13 7.739
4 12 11.175
21 8 427.338
4 10 4.851
15 22 78.35
17 6 87.113
20 24 468.399
19 1 197.559
4 20 11.258
3 4 12.942
18 17 274.535
8 3 127.114
9 18 13.919
4 2 46.075
13 21 19.667
8 12 27.128
3 14 5.241
0 5 1.014
18 13 215.52
8 17 19.442
18 19 302.697
16 23 149.147
12 9 54.957
8 18 12.327
5 19 5.192
4 3 54.071
20 21 468.244
7 3 103.799
6 10 8.031
21 10 469.202
0 0 182.729
11 9 17.486
22 19 761.397
11 23 45.382
10 11 5.714
7 13 8.061
3 2 56.409
9 12 30.566
13 3 13.004
17 23 217.86
22 14 691.235
5 11 5.193
9 6 18.048
16 15 86.973
3 0 41.994
0 10 0.986
19 16 343.671
1 2 24.683
8 13 8.422
22 2 500.892
0 14 1.026
7 15 9.876
12 5 65.407
16 17 116.162
11 18 24.749
14 17 23.832
1 7 9.99
14 1 33.557
20 8 351.118
9 19 5.152
5 3 74.394
14 23 88.424
2 19 4.682
3 8 6.319
7 18 9.753
9 16 25.353
13 20 60.04
0 7 1.026
11 4 120.465
19 6 238.667
19 0 186.896
9 1 25.38
3 20 9.352
10 19 5.725
11 17 24.856
12 13 51.75
11 11 8.591
21 15 492.184
11 14 30.309
2 0 67.052
5 17 9.241
6 22 9.692
3 10 3.45
2 7 4.889
19 24 382.073
10 17 12.405
15 4 135.555
15 6 30.544
19 12 423.392
15 9 23.358
9 7 17.659
17 13 132.758
19 21 378.293
16 0 34.886
10 2 41.327
2 14 4.871
6 21 8.25
13 22 32.02
1 10 8.516
17 8 118.186
13 6 29.458
17 11 137.028
20 4 405.057
2 11 4.683
6 4 20.274
10 16 25.311
14 0 32.251
7 4 27.064
19 17 359.236
2 18 3.363
13 7 26.009
5 10 6.356
15 1 31.512
2 1 40.826
5 14 8.44
12 11 24.223
5 24 129.981
0 1 1.852
18 10 214.424
8 20 27.524
15 10 9.446
7 17 6.366
14 24 103.857
19 10 302.007
9 3 60.459
11 2 39.777
5 5 5.774
0 12 0.247
17 21 202.115
16 13 56.771
5 2 37.417
9 13 5.725
17 7 102.938
4 23 31.013
15 5 17.173
15 8 34.558
9 5 9.44
10 18 15.557
20 19 475.021
0 20 0.247
11 10 24.771
12 20 58.264
19 19 389.923
16 14 71.567
6 12 17.515
12 2 52.981
14 18 6.551
13 8 23.763
6 1 28.276
10 0 28.024
8 8 22.148
11 6 25.222
13 14 27.776
7 5 8.1
17 22 209.529
13 15 25.827
5 18 6.356
2 3 13.278
11 5 27.994
16 8 36.749
6 19 6.931
17 14 148.891
17 18 203.502
20 17 441.818
1 11 5.297
15 14 26.119
2 12 7.542
15 0 32.451
6 11 6.932
4 15 7.247
7 2 34.863
11 7 26.887
8 24 195.913
2 9 10.693
18 7 176.024
1 14 9.891
2 6 3.775
1 18 8.516
20 10 385.088
16 16 101.799
2 21 6.492
6 14 10.91
15 16 36.161
18 16 259.642
20 6 313.706
10 6 21.658
10 24 147.168
12 4 118.252
3 24 106.84
10 15 25.227
7 8 19.263
3 13 3.072
20 7 331.807
7 20 21.976
22 5 578.463
6 7 17.224
8 23 78.368
7 12 21.679
17 9 127.114
13 12 57.709
21 0 253.144
5 22 12.991
11 12 38.501
18 4 258.715
0 23 71.758
7 1 31.18
11 20 39.086
21 14 481.171
21 23 573.332
17 10 130.143
1 9 9.661
0 3 0.741
12 24 102.971
8 16 24.117
0 6 1.025
22 24 918.346
21 19 560.96
16 3 88.436
8 2 40.575
21 21 553.018
20 3 310.318
9 15 27.674
19 15 327.76
6 8 15.57
4 21 3.816
16 22 134.252
10 1 26.566
4 17 6.556
1 16 10.134
3 21 3.098
21 17 522.183
10 5 18.021
2 16 12.503
9 14 20.421
12 6 62.651
18 22 290.914
4 4 14.273
6 15 15.475
11 3 45.058
22 7 608.834
1 15 10.174
3 9 2.833
8 15 26.979
0 17 1.019
17 17 193.047
14 7 35.535
21 2 343.405
22 10 668.846
15 21 49.375
16 11 24.158
0 4 0.247
18 3 168.218
5 4 16.289
22 3 551.909
19 4 334.745
11 24 99.958
8 0 40.365
13 1 25.163
0 15 1.027
10 20 34.962
19 22 381.92
18 8 191.455
0 16 1.026
2 24 131.593
5 15 10.424
14 12 73.792
21 1 288.525
8 5 11.664
12 8 60.573
10 12 34.524
8 6 17.854
15 7 38.014
22 20 768.941
11 16 29.553
0 9 1.019
14 10 5.097
5 16 10.529
5 7 11.988
13 24 37.147
13 13 19.313
2 17 10.71
4 16 7.235
13 19 2.526
20 22 475.496
14 3 17.459
11 13 7.903
10 14 19.331
5 20 13.884
11 15 33.291
17 4 184.969
17 16 179.182
22 4 572.951
15 13 11.388
20 16 425.255
14 13 21.45
19 5 223.678
15 15 35.999
19 18 373.765
1 0 121.622
1 5 7.708
20 13 387.162
5 9 9.231
3 18 3.45
22 6 588.341
16 10 38.356
22 1 427.743
7 16 17.5
18 14 229.408
1 17 9.662
3 7 8.282
22 9 649.008
8 14 16.976
12 18 48.223
13 16 24.992
7 0 34.901
22 22 781.638
21 5 369.024
2 20 7.595
5 12 13.749
10 4 162.665
4 7 8.697
3 19 2.6
22 16 713.872
5 0 25.75
16 6 29.357
14 4 161.609
10 3 81.529
14 9 11.283
9 17 15.749
10 7 31.877
19 20 500.058
1 21 8.028
8 11 7.27
14 15 29.542
22 17 728.249
4 19 3.385
4 11 3.386
1 19 5.296
20 14 398.021
12 0 61.57
21 22 573.307
9 10 13.628
7 24 149.84
5 8 10.363
14 16 35.046
8 7 25.597
8 21 8.704
0 2 1.059
10 10 15.439
6 3 90.32
3 22 8.388
10 22 19.692
7 9 14.94
19 11 316.467
20 15 409.942
13 4 108.701
4 6 5.511
4 0 29.465
9 20 30.99
2 2 48.139
7 14 12.212
17 15 164.146
16 5 20.232
21 3 379.361
12 21 51.877
6 6 9.927
8 1 33.582
18 21 287.051
7 23 28.61
2 22 8.67
12 10 47.224
4 14 6.711
9 24 125.748
12 19 24.633
20 0 230.785
12 16 61.571
11 21 8.664
20 18 457.556
1 24 170.289
3 16 6.51
22 0 160.935
13 10 9.733
8 4 148.168
0 19 0.731
21 18 542.838
18 20 410.112
2 8 12.152
12 1 50.621
9 4 120.781
18 6 160.212
22 21 769.657
9 2 36.436
11 0 28.31
15 3 76.647
21 20 672.706
7 19 7.09
18 12 336.157
6 20 17.735
18 1 130.508
17 20 324.334
6 24 138.573
14 6 33.642
11 22 29.09
14 19 5.945
4 5 3.839
19 14 315.011
17 1 62.031
20 2 282.801
1 23 93.589
6 9 13.015
20 5 297.344
20 12 507.378
9 22 20.517
20 1 252.86
5 21 6.273
9 21 5.825
10 21 6.096
7 21 8.453
10 8 24.815
18 5 144.909
3 23 45.19
0 22 8.519
0 21 1.014
21 6 387.849
3 17 2.841
14 22 48.644
4 8 7.072
2 4 11.333
17 2 83.71
16 7 35.049
16 2 42.929
1 6 9.791
12 3 50.702
15 18 28.457
13 2 9.683
16 12 157.767
12 23 71.154
19 2 217.37
1 8 10.117
14 14 24.217
11 8 24.63
16 19 133.525
18 24 301.106
9 11 5.143
17 19 218.921
15 2 38.968
10 23 76.5
12 14 58.577
21 7 407.307
13 0 28.756
20 20 585.802
12 7 61.877
12 15 61.896
14 2 26.103